708921549 7089215 708921549 7089215
1227297188 1227297 1227297188 1227297
333831974 3338319 333831974 3338319
1060083014 1060083 1060083014 1060083
1033134331 1033134 1033134331 1033134
485911330 4859113 485911330 4859113
972881248 9728812 972881248 9728812
89268700 8926870 89268700 8926870
1538621999 1538621 1538621999 1538621
1704827402 1704827 1704827402 1704827
269297278 2692972 269297278 2692972
1959107834 1959107 1959107834 1959107
64313429 6431342 64313429 6431342
1184037971 1184037 1184037971 1184037
1735815888 1735815 1735815888 1735815
207521274 2075212 207521274 2075212
318214324 3182143 318214324 3182143
1421459397 1421459 1421459397 1421459
840876135 8408761 840876135 8408761
1491585493 1491585 1491585493 1491585
1667103300 1667103 1667103300 1667103
1720493382 1720493 1720493382 1720493
60584584 6058458 60584584 6058458
242822621 2428226 242822621 2428226
1534054127 1534054 1534054127 1534054
1393013224 1393013 1393013224 1393013
1667496453 1667496 1667496453 1667496
149115256 1491152 149115256 1491152
1386516530 1386516 1386516530 1386516
1812489820 1812489 1812489820 1812489
1037457062 1037457 1037457062 1037457
985495750 9854957 985495750 9854957
1188114646 1188114 1188114646 1188114
881892787 8818927 881892787 8818927
146036641 1460366 146036641 1460366
169926152 1699261 169926152 1699261
1396205366 1396205 1396205366 1396205
1628098550 1628098 1628098550 1628098
228803645 2288036 228803645 2288036
313217796 3132177 313217796 3132177
1861176755 1861176 1861176755 1861176
708661166 7086611 708661166 7086611
1629156135 1629156 1629156135 1629156
681872894 6818728 681872894 6818728
987317009 9873170 987317009 9873170
1760213971 1760213 1760213971 1760213
1633567783 1633567 1633567783 1633567
1561474257 1561474 1561474257 1561474
266299186 2662991 266299186 2662991
273081702 2730817 273081702 2730817
1296425240 1296425 1296425240 1296425
1431726187 1431726 1431726187 1431726
935897098 9358970 935897098 9358970
70517351 7051735 70517351 7051735
2017512410 2017512 2017512410 2017512
736772470 7367724 736772470 7367724
1128091893 1128091 1128091893 1128091
224267258 2242672 224267258 2242672
1860990871 1860990 1860990871 1860990
1139037514 1139037 1139037514 1139037
2093825736 2093825 2093825736 2093825
672126769 6721267 672126769 6721267
1384361523 1384361 1384361523 1384361
99136158 9913615 99136158 9913615
1199763744 1199763 1199763744 1199763
414068039 4140680 414068039 4140680
160162428 1601624 160162428 1601624
1430813474 1430813 1430813474 1430813
741426332 7414263 741426332 7414263
65005742 6500574 65005742 6500574
718665318 7186653 718665318 7186653
1038229591 1038229 1038229591 1038229
239995514 2399955 239995514 2399955
1695577365 1695577 1695577365 1695577
633698253 6336982 633698253 6336982
841341335 8413413 841341335 8413413
1620127782 1620127 1620127782 1620127
984091775 9840917 984091775 9840917
1405261815 1405261 1405261815 1405261
1419724865 1419724 1419724865 1419724
373587061 3735870 373587061 3735870
711209451 7112094 711209451 7112094
2032315241 2032315 2032315241 2032315
565092508 5650925 565092508 5650925
2031991485 2031991 2031991485 2031991
487671220 4876712 487671220 4876712
731051545 7310515 731051545 7310515
1650783788 1650783 1650783788 1650783
1975435513 1975435 1975435513 1975435
1383350906 1383350 1383350906 1383350
1596299735 1596299 1596299735 1596299
811956200 8119562 811956200 8119562
1607935226 1607935 1607935226 1607935
731333332 7313333 731333332 7313333
1179730791 1179730 1179730791 1179730
1807871619 1807871 1807871619 1807871
1285497019 1285497 1285497019 1285497
1439437158 1439437 1439437158 1439437
1069100614 1069100 1069100614 1069100
1712515797 1712515 1712515797 1712515
999672758 9996727 999672758 9996727
1580753027 1580753 1580753027 1580753
945011937 9450119 945011937 9450119
1759916028 1759916 1759916028 1759916
263341024 2633410 263341024 2633410
1477940671 1477940 1477940671 1477940
1969763719 1969763 1969763719 1969763
1549931461 1549931 1549931461 1549931
1613841369 1613841 1613841369 1613841
194274915 1942749 194274915 1942749
1837243654 1837243 1837243654 1837243
1785607806 1785607 1785607806 1785607
456980879 4569808 456980879 4569808
1558999020 1558999 1558999020 1558999
1511300872 1511300 1511300872 1511300
966875748 9668757 966875748 9668757
85249681 8524968 85249681 8524968
954145569 9541455 954145569 9541455
1007200552 1007200 1007200552 1007200
332601863 3326018 332601863 3326018
1197189749 1197189 1197189749 1197189
1502562224 1502562 1502562224 1502562
122924903 1229249 122924903 1229249
2027048179 2027048 2027048179 2027048
1407860541 1407860 1407860541 1407860
1367713392 1367713 1367713392 1367713
611301785 6113017 611301785 6113017
2136172335 2136172 2136172335 2136172
1432790666 1432790 1432790666 1432790
435258469 4352584 435258469 4352584
818179292 8181792 818179292 8181792
289591755 2895917 289591755 2895917
371849459 3718494 371849459 3718494
783431614 7834316 783431614 7834316
1535446321 1535446 1535446321 1535446
1994891851 1994891 1994891851 1994891
1107253534 1107253 1107253534 1107253
2003711935 2003711 2003711935 2003711
1269370330 1269370 1269370330 1269370
239606025 2396060 239606025 2396060
1062628880 1062628 1062628880 1062628
406452449 4064524 406452449 4064524
2110022221 2110022 2110022221 2110022
104970867 1049708 104970867 1049708
1429498483 1429498 1429498483 1429498
874429193 8744291 874429193 8744291
1527437692 1527437 1527437692 1527437
761519464 7615194 761519464 7615194
1364096710 1364096 1364096710 1364096
1008596558 1008596 1008596558 1008596
1766328312 1766328 1766328312 1766328
1830473081 1830473 1830473081 1830473
874238069 8742380 874238069 8742380
2078307910 2078307 2078307910 2078307
235416155 2354161 235416155 2354161
360876827 3608768 360876827 3608768
1382337390 1382337 1382337390 1382337
73316723 7331672 73316723 7331672
1853331263 1853331 1853331263 1853331
724160935 7241609 724160935 7241609
2043070477 2043070 2043070477 2043070
745013848 7450138 745013848 7450138
2031080595 2031080 2031080595 2031080
1274053340 1274053 1274053340 1274053
1199726386 1199726 1199726386 1199726
2007850493 2007850 2007850493 2007850
273284202 2732842 273284202 2732842
713593838 7135938 713593838 7135938
599562125 5995621 599562125 5995621
1016944192 1016944 1016944192 1016944
1913090641 1913090 1913090641 1913090
1027932665 1027932 1027932665 1027932
163968678 1639686 163968678 1639686
317349457 3173494 317349457 3173494
1637960963 1637960 1637960963 1637960
610904441 6109044 610904441 6109044
757464352 7574643 757464352 7574643
614816253 6148162 614816253 6148162
902283281 9022832 902283281 9022832
1935676880 1935676 1935676880 1935676
1298868533 1298868 1298868533 1298868
1824026882 1824026 1824026882 1824026
532357867 5323578 532357867 5323578
1517331186 1517331 1517331186 1517331
2000294269 2000294 2000294269 2000294
2088278089 2088278 2088278089 2088278
1931688194 1931688 1931688194 1931688
1802709284 1802709 1802709284 1802709
245065992 2450659 245065992 2450659
1469000856 1469000 1469000856 1469000
1070062357 1070062 1070062357 1070062
712796693 7127966 712796693 7127966
822885314 8228853 822885314 8228853
124743244 1247432 124743244 1247432
759487258 7594872 759487258 7594872
549996759 5499967 549996759 5499967
1296417159 1296417 1296417159 1296417
435245634 4352456 435245634 4352456
1105893126 1105893 1105893126 1105893
1313788823 1313788 1313788823 1313788
2010970191 2010970 2010970191 2010970
177621100 1776211 177621100 1776211
500393339 5003933 500393339 5003933
166004450 1660044 166004450 1660044
269324062 2693240 269324062 2693240
1106430496 1106430 1106430496 1106430
2019152430 2019152 2019152430 2019152
1798425761 1798425 1798425761 1798425
